=========================	1.bmp matrix	=========================
24 85 212 249 255 255 255 76 24 10 6 5 4 7 29 101 221 249 255 255 232 64 25 20 16 14 13 21 49 134 231 255 255 255 182 51 30 30 28 28 28 36 67 165 239 255 255 255 113 38 17 18 22 28 29 35 70 173 241 255 255 255 101 35 20 22 26 26 26 31 71 186 239 252 255 255 71 27 18 20 21 20 27 42 92 206 250 255 255 255 65 21 16 16 21 22 25 38 104 211 
16 62 191 244 255 255 191 51 14 8 7 4 4 6 19 78 214 246 255 255 160 43 18 21 27 26 24 25 41 108 221 253 255 255 114 39 27 38 36 35 36 33 57 132 236 255 255 255 80 25 19 27 28 30 30 33 59 150 237 255 255 255 69 25 24 26 31 35 31 26 59 163 238 255 255 238 51 18 23 25 26 26 30 35 78 190 246 255 255 208 46 15 13 17 22 24 27 39 95 209 
15 51 168 235 255 255 249 58 15 7 5 4 3 4 14 61 194 244 255 255 192 48 14 24 30 30 28 25 36 92 217 253 255 255 138 49 29 36 33 30 31 33 53 123 224 252 255 255 88 27 20 28 27 29 27 32 59 146 234 255 255 255 79 27 21 26 33 43 38 30 56 154 236 254 255 240 59 20 21 25 27 28 29 37 77 185 244 255 255 219 51 17 13 15 20 27 26 38 93 203 
29 89 208 244 255 255 234 68 22 9 5 6 6 7 29 106 214 248 255 255 198 54 22 24 32 31 30 28 54 136 231 255 255 255 167 61 36 33 32 33 31 38 73 171 242 255 255 255 105 40 23 25 28 29 29 36 81 188 245 255 255 255 95 38 21 25 31 38 34 42 81 186 244 255 255 250 76 35 21 24 27 28 30 49 111 211 251 255 255 229 68 30 19 16 21 25 29 53 122 225 
53 138 228 253 255 255 255 118 43 16 4 3 4 18 53 153 236 252 255 255 255 88 38 25 25 30 31 42 83 181 242 255 255 255 246 101 56 34 29 30 39 54 101 205 246 255 255 255 214 74 39 26 26 28 31 55 113 213 245 255 255 255 226 69 38 27 25 30 39 61 128 216 250 255 255 255 174 62 34 27 26 28 42 74 155 230 255 255 255 251 148 64 39 27 27 31 47 77 164 236 
121 206 248 255 255 255 255 231 99 48 30 24 32 56 123 213 249 255 255 255 255 209 83 56 51 51 67 89 166 229 251 255 255 255 255 225 109 71 55 60 73 105 191 241 255 255 255 255 255 165 81 57 54 54 64 105 196 241 255 255 255 255 255 166 78 59 54 64 78 121 207 242 255 255 255 255 245 139 72 62 55 62 81 146 219 251 255 255 255 255 240 122 76 65 59 67 93 162 228 255 
214 242 251 255 255 255 255 255 214 125 87 86 106 165 214 248 255 255 255 255 255 255 203 154 119 124 149 188 233 255 255 255 255 255 255 255 228 154 129 138 168 201 237 255 255 255 255 255 255 247 196 143 130 123 163 211 242 255 255 255 255 255 255 250 187 142 136 158 176 213 243 255 255 255 255 255 255 241 184 141 131 144 182 227 255 255 255 255 255 255 255 241 193 164 156 176 197 237 255 255 
250 255 255 255 255 255 255 255 255 241 200 183 204 221 251 255 255 255 255 255 255 255 255 239 220 225 233 240 255 255 255 255 255 255 255 255 255 252 226 225 235 253 255 255 255 255 255 255 255 255 255 234 214 213 231 249 255 255 255 255 255 255 255 255 255 235 216 225 243 255 255 255 255 255 255 255 255 255 255 232 220 218 233 252 255 255 255 255 255 255 255 255 255 238 227 236 247 255 255 255 
255 255 255 255 255 255 255 255 255 255 255 255 255 255 255 255 255 255 255 255 255 255 255 255 255 255 255 255 255 255 255 255 255 255 255 255 255 255 255 255 255 255 255 255 255 255 255 255 255 255 255 255 255 255 255 255 255 255 255 255 255 255 255 255 255 255 255 255 255 255 255 255 255 255 255 255 255 255 255 255 255 255 255 255 255 255 255 255 253 255 255 255 255 255 255 255 255 255 255 255 
255 255 255 149 120 133 187 233 255 255 255 255 255 255 255 255 212 134 127 137 192 238 255 255 255 255 255 255 255 255 193 127 112 145 204 245 255 255 255 255 255 255 255 255 161 122 121 144 196 240 255 255 255 255 255 255 255 236 132 105 107 150 212 250 255 255 255 255 255 255 255 200 121 96 103 134 201 238 255 255 255 255 255 255 255 172 116 99 105 146 211 247 255 255 255 255 255 255 255 149 
255 158 62 39 34 37 58 126 219 253 255 255 255 255 255 124 58 41 36 40 64 140 227 250 255 255 255 255 255 101 60 46 45 56 88 162 238 255 255 255 255 255 230 81 49 43 47 55 88 165 234 255 255 255 255 255 178 69 42 41 42 57 95 189 243 255 255 255 255 255 132 62 42 38 41 53 95 187 240 255 255 255 255 255 101 56 50 48 47 58 109 194 236 255 255 255 255 255 95 48 
199 58 22 10 8 10 20 43 136 227 254 255 255 255 130 53 23 14 10 9 22 49 144 226 248 255 255 255 101 41 28 24 25 27 41 74 179 241 255 255 255 255 77 31 23 25 25 29 41 80 192 243 255 255 255 244 68 31 22 21 23 30 48 105 205 247 255 255 255 225 56 28 23 23 23 30 46 98 211 246 255 255 255 126 43 28 29 28 27 30 54 123 222 251 255 255 255 108 39 22 
72 23 8 5 6 7 8 24 78 207 251 255 255 255 74 26 14 11 6 5 9 26 93 212 247 255 255 241 51 20 20 22 22 22 25 46 127 223 252 255 255 172 42 16 22 25 26 24 28 51 137 233 255 255 255 121 33 15 18 21 23 23 29 59 167 238 255 255 255 101 29 16 23 23 24 27 33 65 176 236 255 255 253 74 22 16 22 24 23 24 33 76 198 246 255 255 255 61 20 18 
51 9 3 5 3 3 4 12 51 181 243 255 255 222 49 16 13 8 2 3 5 15 65 196 247 255 255 158 35 10 17 20 18 18 21 36 94 212 251 255 255 119 28 13 24 26 24 22 21 40 114 217 249 255 255 84 20 11 20 23 23 20 24 48 138 230 255 255 255 74 18 16 25 26 27 25 27 57 153 233 255 255 244 58 14 13 19 23 23 21 27 65 180 238 255 255 221 48 15 19 
53 9 3 3 3 3 4 11 55 180 244 255 255 193 51 18 10 5 5 3 3 12 68 198 243 255 255 145 34 10 16 21 20 17 19 33 107 212 249 255 255 119 28 10 21 25 24 21 22 38 112 220 252 255 255 88 21 9 18 23 23 21 24 49 138 231 255 255 255 73 18 11 20 26 23 21 24 51 148 229 254 255 253 63 14 8 18 21 22 20 25 61 179 240 255 255 240 48 12 16 
77 20 1 3 3 4 3 16 75 191 245 255 255 246 70 26 10 7 6 4 6 23 93 214 249 255 255 233 54 16 17 24 22 22 24 48 136 221 254 255 255 191 47 17 14 21 24 23 28 51 133 226 255 255 255 143 41 16 15 21 26 24 33 67 166 233 255 255 255 112 36 14 16 19 23 22 36 77 176 239 255 255 255 97 33 13 16 23 24 22 38 91 194 246 255 255 255 77 27 14 
137 42 14 4 4 4 12 40 128 225 252 255 255 255 119 44 19 8 7 7 19 52 146 229 254 255 255 255 93 40 22 21 23 30 42 83 179 239 255 255 255 243 86 35 18 14 18 26 42 78 188 240 255 255 255 243 75 34 18 20 27 31 52 105 208 244 255 255 255 238 69 33 17 16 20 30 58 112 210 246 255 255 255 224 61 29 20 22 24 35 61 137 226 253 255 255 255 173 51 26 
249 102 49 30 28 32 51 103 210 242 255 255 255 255 235 99 53 37 34 39 62 133 222 252 255 255 255 255 202 89 57 46 56 69 97 170 231 255 255 255 255 255 206 86 51 46 48 62 96 175 232 255 255 255 255 255 180 77 48 54 62 71 118 201 245 255 255 255 255 255 171 80 52 48 56 71 123 210 247 255 255 255 255 255 148 78 59 54 62 81 143 223 254 255 255 255 255 250 119 65 
255 244 156 105 87 101 149 203 244 255 255 255 255 255 255 224 160 114 109 118 181 213 247 255 255 255 255 255 255 213 154 124 130 158 192 230 254 255 255 255 255 255 255 206 155 122 126 146 188 220 250 255 255 255 255 255 255 201 152 118 146 168 202 239 255 255 255 255 255 255 255 215 158 130 145 164 217 247 255 255 255 255 255 255 255 204 172 145 151 182 218 245 255 255 255 255 255 255 232 175 
255 255 240 196 197 194 220 245 255 255 255 255 255 255 255 255 250 201 198 207 230 253 255 255 255 255 255 255 255 255 242 213 218 231 248 255 255 255 255 255 255 255 255 255 232 213 210 227 243 252 255 255 255 255 255 255 255 255 226 211 221 227 248 255 255 255 255 255 255 255 255 255 234 217 220 230 253 255 255 255 255 255 255 255 255 255 230 223 226 241 255 255 255 255 255 255 255 255 255 247 
255 255 255 255 255 255 255 255 255 255 255 255 255 255 255 255 255 255 255 255 255 255 255 255 255 255 255 255 255 255 255 255 255 255 255 255 255 255 255 255 255 255 255 255 255 255 255 255 255 255 255 255 255 255 255 255 255 255 255 255 255 255 255 255 255 255 255 255 255 255 255 255 255 255 255 255 255 255 255 255 255 255 255 255 255 255 255 255 255 255 255 255 255 255 223 224 247 255 255 255 
240 255 255 255 255 255 255 255 255 218 114 107 131 185 238 254 255 255 255 255 255 255 255 151 107 101 124 188 241 255 255 255 255 255 255 255 255 132 97 93 124 187 238 255 255 255 255 255 255 255 243 120 89 92 119 173 230 255 255 255 255 255 255 255 228 115 80 83 115 189 242 255 255 255 255 255 255 255 177 100 88 93 133 204 246 255 255 255 255 255 255 254 136 80 62 77 130 194 245 255 
124 211 253 255 255 255 255 255 129 57 33 28 34 59 132 223 250 255 255 255 255 255 103 50 32 28 34 63 143 232 255 255 255 255 255 225 76 42 29 29 36 66 164 236 255 255 255 255 255 170 67 42 28 29 36 69 161 237 255 255 255 255 255 151 63 39 27 25 36 74 179 242 255 255 255 255 255 125 53 30 26 31 47 94 193 241 255 255 255 255 242 85 40 25 21 27 43 90 197 245 
45 137 230 255 255 255 255 155 52 21 9 8 11 20 50 146 232 252 255 255 255 111 43 18 8 8 12 21 59 166 242 255 255 255 255 81 31 13 8 6 11 23 69 185 245 255 255 255 244 70 28 14 7 8 11 22 72 187 244 255 255 255 218 68 31 15 8 4 10 25 80 198 245 255 255 255 180 56 24 9 6 8 14 35 102 204 243 249 255 255 116 42 15 5 4 6 12 34 116 219 
23 74 200 247 255 255 255 84 33 15 8 8 7 10 26 91 220 254 255 255 246 68 23 12 8 7 8 11 31 103 225 255 255 255 184 55 20 12 8 7 6 12 34 135 230 254 255 255 139 43 16 11 6 5 6 14 44 147 235 253 255 255 116 42 17 9 7 6 7 14 47 155 240 255 255 255 90 36 17 8 6 5 8 20 62 184 244 253 255 255 72 28 11 5 6 6 8 22 75 202 
11 48 177 241 255 255 239 64 23 12 7 4 3 4 16 61 199 241 255 255 194 53 15 9 7 3 4 5 17 78 211 248 252 255 137 43 17 10 4 5 3 6 22 93 216 248 255 255 104 32 11 7 4 2 3 8 32 113 225 248 255 255 93 31 10 5 3 3 2 6 29 117 224 251 255 255 78 29 13 6 3 2 1 8 41 145 233 247 255 245 68 24 9 5 1 2 2 8 43 163 
11 48 178 244 255 255 242 64 23 13 6 4 4 3 14 64 203 243 255 255 186 54 16 9 6 3 4 4 16 73 210 249 255 255 141 44 16 9 4 4 4 6 25 96 225 255 255 255 103 34 11 7 5 2 3 6 32 116 224 251 255 255 96 31 6 3 3 2 3 5 34 118 229 254 255 255 86 31 13 8 3 2 1 8 42 152 234 248 255 255 75 27 9 6 2 3 2 10 50 161 
17 62 186 246 255 255 255 91 33 12 6 3 3 7 23 86 203 247 255 255 234 73 25 9 5 4 4 5 29 104 219 253 255 255 204 62 20 9 4 4 5 10 38 130 232 254 255 255 169 54 19 8 6 4 4 12 49 144 234 255 255 255 148 50 13 4 3 4 4 13 54 159 235 253 255 255 120 45 16 7 4 3 3 18 69 184 247 254 255 255 108 42 13 2 2 3 6 23 84 201 
43 121 226 252 255 255 255 146 59 26 10 7 10 20 52 145 232 255 255 255 255 124 48 21 7 5 9 23 62 166 241 255 255 255 255 102 43 19 8 6 10 27 79 184 244 255 255 255 240 88 42 15 8 8 14 33 82 204 250 255 255 255 240 84 33 16 6 6 14 35 96 207 248 255 255 255 209 76 33 14 7 8 17 44 117 215 249 255 255 255 202 76 30 10 6 9 23 51 135 227 
104 199 242 255 255 255 255 255 145 64 38 32 38 56 116 209 249 255 255 255 255 237 114 58 38 35 44 62 137 219 255 255 255 255 255 227 105 57 40 36 43 79 170 233 250 255 255 255 255 233 87 51 37 41 53 94 183 243 255 255 255 255 255 212 92 53 40 42 58 99 191 245 255 255 255 255 255 186 85 53 42 46 63 118 204 244 255 255 255 255 255 195 82 49 43 47 74 143 215 249 
210 247 255 255 255 255 255 255 242 168 126 109 129 177 216 250 255 255 255 255 255 255 216 166 124 117 152 179 224 251 255 255 255 255 255 255 218 170 125 119 149 189 227 254 255 255 255 255 255 255 208 127 116 130 167 193 239 255 255 255 255 255 255 255 213 159 132 130 168 187 239 255 255 255 255 255 255 250 201 162 144 144 177 208 238 255 255 255 255 255 255 252 197 163 130 149 178 214 248 255 
252 255 255 255 255 255 255 255 255 255 218 206 203 225 252 255 255 255 255 255 255 255 255 251 213 201 208 239 255 255 255 255 255 255 255 255 255 252 215 212 212 232 255 255 255 255 255 255 255 255 255 215 206 208 222 243 255 255 255 255 255 255 255 255 255 255 214 211 216 235 255 255 255 255 255 255 255 255 255 238 221 215 234 255 255 255 255 255 255 255 255 255 249 235 216 214 234 252 255 255 
255 255 255 255 255 255 255 255 255 255 255 255 255 255 255 255 255 255 255 255 255 255 255 255 255 255 255 255 255 255 255 255 255 255 255 255 255 255 255 255 255 255 255 255 255 255 255 255 255 255 255 255 255 255 255 255 255 255 255 255 255 255 255 255 255 255 255 255 255 255 255 255 255 255 255 255 255 255 255 255 255 255 255 255 255 255 255 255 255 255 255 255 255 255 255 255 255 255 255 255 
255 255 255 167 144 167 201 244 255 255 255 255 255 255 255 255 248 140 125 141 193 238 255 255 255 255 255 255 255 255 232 138 134 156 211 250 255 255 255 255 255 255 255 255 191 119 108 142 202 242 255 255 255 255 255 255 255 255 138 107 113 146 204 244 255 255 255 255 255 255 255 255 138 98 99 135 209 244 255 255 255 255 255 255 255 237 113 86 94 137 218 248 255 255 255 255 255 255 255 168 
255 251 85 44 37 41 67 134 231 255 255 255 255 255 255 158 67 43 39 42 68 145 230 254 255 255 255 255 255 135 60 37 35 44 83 170 235 255 255 255 255 255 255 112 55 35 33 40 71 151 234 255 255 255 255 255 254 86 45 34 33 43 88 187 245 255 255 255 255 255 193 75 40 29 30 42 85 174 243 255 255 255 255 255 151 71 35 27 27 45 96 197 247 255 255 255 255 255 120 58 
255 80 33 16 14 16 27 57 165 240 255 255 255 255 178 64 28 16 13 18 28 63 166 239 255 255 255 255 145 54 26 16 12 16 34 77 189 246 255 255 255 255 106 45 21 11 9 12 29 72 188 247 255 255 255 255 89 36 16 9 11 16 38 91 212 250 255 255 255 243 76 34 16 10 9 15 32 87 201 247 255 255 255 196 63 29 12 7 9 17 41 111 226 254 255 255 255 160 56 29 
124 44 15 6 3 4 7 22 72 200 248 255 255 255 98 35 13 6 3 3 9 24 87 212 251 255 255 255 83 29 13 6 4 4 12 30 102 218 252 255 255 255 72 27 11 5 4 4 7 28 110 225 252 255 255 224 58 21 8 6 5 5 14 36 126 231 255 255 255 178 54 20 12 4 3 4 12 37 135 234 252 255 255 114 39 18 9 7 4 6 15 52 172 237 253 255 255 99 37 18 
82 27 12 8 4 3 3 11 49 169 241 255 255 252 69 25 12 5 5 5 7 15 65 193 247 255 255 227 56 22 13 6 5 3 5 19 79 210 246 255 255 155 47 21 13 7 5 3 5 23 95 220 252 255 255 111 38 14 7 5 3 3 6 27 115 224 254 255 255 99 35 18 9 4 4 4 6 29 129 230 255 255 255 71 23 15 7 7 3 3 9 43 169 241 255 255 243 71 28 21 
79 24 12 5 2 3 3 6 41 153 241 255 255 255 69 24 11 4 4 3 2 11 54 174 239 255 255 231 61 26 13 6 3 1 5 12 65 198 248 255 255 187 52 23 11 5 2 2 5 16 85 209 249 255 255 132 43 14 9 4 2 3 6 23 99 218 250 255 255 117 44 19 10 4 4 3 5 26 118 226 252 255 255 87 30 15 10 4 4 4 8 44 158 238 255 255 255 81 33 20 
94 33 12 6 3 3 4 14 61 179 244 255 255 255 82 32 12 6 3 4 5 19 78 190 244 255 255 255 81 36 14 6 6 3 4 23 93 211 250 255 255 231 64 25 10 5 3 3 5 27 110 218 250 255 255 188 58 20 9 5 4 2 9 37 128 229 253 255 255 171 57 24 10 4 5 5 12 42 153 227 255 255 255 125 47 18 7 4 3 3 19 64 184 246 255 255 255 109 45 18 
183 59 22 9 3 4 10 29 92 211 251 255 255 255 146 53 20 5 3 7 13 38 111 218 254 255 255 255 144 62 24 10 4 5 16 46 128 229 255 255 255 255 107 44 16 4 5 9 21 55 158 234 255 255 255 252 99 43 19 8 6 10 25 67 180 241 255 255 255 254 89 40 16 7 7 12 35 79 196 247 255 255 255 233 82 37 15 7 5 16 44 116 218 250 255 255 255 199 69 31 
242 115 50 29 21 25 40 80 185 245 255 255 255 255 253 100 48 30 24 28 45 96 199 245 255 255 255 255 243 104 52 33 26 31 51 117 219 250 255 255 255 255 223 80 42 27 27 36 61 136 225 252 255 255 255 255 196 84 42 32 32 39 71 145 225 250 255 255 255 255 194 82 43 27 29 41 83 169 235 253 253 255 255 255 159 73 39 31 32 48 97 197 244 254 255 255 255 253 142 68 
255 243 144 88 74 83 127 199 236 255 255 255 255 255 255 249 142 94 79 94 146 205 249 255 255 255 255 255 255 234 142 94 83 106 159 207 250 255 255 255 255 255 255 212 124 96 94 113 167 222 251 255 255 255 255 255 255 208 145 105 104 133 181 231 255 255 255 255 255 255 251 193 134 102 104 140 193 230 255 255 255 255 255 255 255 207 132 105 110 151 203 246 255 255 255 255 255 255 249 182 
255 255 244 199 185 198 204 240 255 255 255 255 255 255 255 255 243 206 190 201 217 245 255 255 255 255 255 255 255 255 253 211 185 199 222 255 255 255 255 255 255 255 255 255 234 198 199 206 225 252 255 255 255 255 255 255 255 255 234 209 199 208 236 254 255 255 255 255 255 255 255 255 231 196 194 208 240 255 255 255 255 255 255 255 255 255 234 207 204 227 247 255 255 255 255 255 255 255 255 255 
255 255 255 255 255 255 255 255 255 255 255 255 255 255 255 255 255 255 255 255 255 255 255 255 255 255 255 255 255 255 255 255 255 255 255 255 255 255 255 255 255 255 255 255 255 255 255 255 255 255 255 255 255 255 255 255 255 255 255 255 255 255 255 255 255 255 255 255 255 255 255 255 255 255 255 255 255 255 255 255 255 255 255 255 255 255 255 255 255 255 255 255 255 255 255 255 255 255 255 255 
232 250 255 255 255 255 255 255 255 255 147 112 129 178 235 255 255 255 255 255 255 255 255 213 116 109 133 194 239 255 255 255 255 255 255 255 255 184 120 112 144 199 238 255 255 255 255 255 255 255 255 132 95 95 125 186 242 255 255 255 255 255 255 255 255 204 117 93 120 189 242 255 255 255 255 255 255 255 255 175 121 94 117 193 245 255 255 255 255 255 255 255 197 100 87 97 123 195 242 255 
112 213 253 255 255 255 255 255 190 76 43 31 36 59 135 226 255 255 255 255 255 255 124 58 36 36 47 73 156 233 255 255 255 255 255 255 102 61 45 46 57 85 163 228 250 255 255 255 255 241 78 42 31 35 41 76 159 236 255 255 255 255 255 255 212 143 62 32 41 74 176 235 255 255 255 255 255 255 225 137 74 39 43 84 193 243 255 255 255 255 255 175 86 50 38 38 48 104 198 249 
36 107 224 254 255 255 255 245 67 31 12 6 8 18 46 140 232 255 255 255 255 166 47 19 11 14 20 38 70 162 240 255 255 255 255 112 40 24 22 25 30 41 75 181 236 250 255 255 255 85 30 14 14 18 15 27 70 181 243 255 255 255 255 252 227 164 59 23 14 28 82 198 249 255 255 255 255 236 230 183 80 34 19 33 87 201 246 255 255 255 249 157 99 64 36 19 20 39 110 216 
17 55 187 247 255 255 255 114 43 19 7 4 5 6 21 69 204 250 255 255 255 84 27 9 7 13 19 24 43 106 220 253 255 255 252 66 21 19 20 23 28 27 42 111 220 247 255 255 197 44 12 11 24 29 16 13 38 120 231 254 255 255 255 243 238 218 91 35 13 15 43 139 236 253 255 255 227 199 237 244 129 45 12 17 51 161 238 255 255 255 211 169 147 117 57 21 11 23 66 178 
11 37 151 239 255 255 255 82 32 18 10 5 5 6 13 50 185 246 255 255 236 62 22 12 10 15 18 25 38 91 213 251 255 255 186 48 20 25 25 26 32 28 36 96 220 247 255 255 110 30 10 16 42 48 19 15 33 105 227 252 255 255 255 245 243 233 120 44 16 13 39 129 234 255 255 255 228 207 242 250 151 47 15 14 46 154 238 255 255 255 207 183 181 140 64 23 10 20 64 178 
6 30 134 232 255 255 255 88 32 17 10 3 3 3 7 44 170 241 255 255 253 66 22 11 9 13 19 24 35 86 204 251 255 255 226 51 18 23 24 27 27 23 32 91 216 254 255 255 138 34 9 13 37 45 18 11 26 94 218 247 255 255 255 242 248 255 134 48 16 10 37 125 226 255 255 255 246 213 242 230 114 43 11 10 41 141 234 255 255 255 225 204 206 163 71 24 8 15 58 171 
17 59 177 241 255 255 255 99 39 15 7 4 5 4 20 75 201 247 255 255 255 80 31 11 10 14 20 28 53 118 225 255 255 255 243 61 27 22 27 26 27 27 51 129 231 252 255 255 179 49 16 14 24 26 15 15 46 132 227 251 255 255 255 241 237 225 97 35 15 20 61 167 241 255 255 255 255 227 173 96 52 23 12 23 78 186 246 255 255 255 251 222 207 149 61 18 9 29 95 204 
36 101 212 248 255 255 255 235 69 26 9 5 7 16 43 121 229 254 255 255 255 172 60 25 12 14 27 43 81 165 239 255 255 255 255 124 53 32 29 30 33 49 85 190 248 255 255 255 254 102 43 24 15 16 17 35 79 183 243 255 255 255 255 255 233 131 62 33 30 48 107 207 250 255 255 255 255 237 125 60 32 19 26 53 138 226 255 255 255 255 255 244 168 87 40 23 29 58 153 226 
104 203 250 255 255 255 255 255 138 63 41 34 40 63 126 212 247 255 255 255 255 252 138 63 43 49 63 96 179 237 255 255 255 255 255 240 120 79 60 65 74 109 189 241 255 255 255 255 255 222 106 61 46 46 57 99 191 246 255 255 255 255 255 255 253 138 76 60 76 130 201 245 255 255 255 255 255 255 143 80 53 51 78 141 211 248 255 255 255 255 255 255 188 94 60 54 76 145 212 249 
193 236 255 255 255 255 255 255 250 178 127 119 135 165 220 252 255 255 255 255 255 255 233 178 142 145 162 203 230 255 255 255 255 255 255 255 241 194 155 161 174 203 238 255 255 255 255 255 255 255 230 173 146 138 162 200 228 254 255 255 255 255 255 255 255 255 195 170 184 210 238 255 255 255 255 255 255 255 255 195 150 163 187 220 246 255 255 255 255 255 255 255 255 226 157 161 189 220 244 255 
245 255 255 255 255 255 255 255 255 255 236 215 206 217 240 255 255 255 255 255 255 255 255 255 230 226 230 248 255 255 255 255 255 255 255 255 255 255 253 233 231 246 255 255 255 255 255 255 255 255 255 255 212 214 228 250 255 255 255 255 255 255 255 255 255 255 250 245 247 255 255 255 255 255 255 255 255 255 255 255 234 234 236 251 255 255 255 255 255 255 255 255 255 255 233 228 237 253 255 255 
255 255 255 255 255 255 255 255 255 255 255 255 255 255 255 255 255 255 255 255 255 255 255 255 255 255 255 255 255 255 255 255 255 255 255 255 255 255 255 255 255 255 255 255 255 255 255 255 255 255 255 255 255 255 255 255 255 255 255 255 255 255 255 255 255 255 255 255 255 255 255 255 255 255 255 255 255 255 255 255 255 255 255 255 255 255 255 255 255 255 255 255 255 255 255 255 255 255 255 255 
255 255 255 238 167 166 206 238 255 255 255 255 255 255 255 255 255 225 148 173 211 244 255 255 255 255 255 255 255 255 255 204 155 167 212 246 255 255 255 255 255 255 255 255 255 159 132 150 195 239 255 255 255 255 255 255 255 255 236 144 135 155 203 244 255 255 255 255 255 255 255 255 171 125 123 151 212 244 255 255 255 255 255 255 255 255 143 110 110 144 211 245 255 255 255 255 255 255 255 230 
255 255 115 63 49 50 65 129 223 255 255 255 255 255 255 236 90 54 44 51 76 147 232 255 255 255 255 255 255 206 85 61 55 67 95 170 242 255 255 255 255 255 255 135 62 39 39 47 75 159 240 255 255 255 255 255 255 122 64 46 40 50 89 177 243 255 255 255 255 255 255 111 56 40 37 51 99 178 241 255 255 255 255 255 223 91 50 37 38 49 96 195 244 255 255 255 255 255 133 70 
255 105 37 20 13 12 20 42 127 223 253 255 255 255 255 96 37 17 12 14 25 49 140 230 255 255 255 255 234 68 35 33 29 34 43 75 167 239 255 255 255 255 205 52 22 13 10 12 25 55 159 235 255 255 255 255 160 71 46 24 13 16 33 73 182 238 255 255 255 255 133 72 37 20 13 19 42 79 185 245 255 255 255 255 113 70 34 18 14 19 38 101 211 249 255 255 255 202 64 35 
185 44 13 6 5 5 7 20 65 190 246 255 255 255 125 47 20 10 6 6 8 23 79 205 250 255 255 255 87 29 23 32 29 28 30 47 114 222 254 255 255 255 72 20 6 4 5 7 9 28 105 223 255 255 255 250 94 57 51 25 9 6 12 38 125 226 253 255 255 234 88 62 39 17 9 10 18 43 139 229 254 255 255 165 82 62 38 16 7 7 18 58 173 241 255 255 255 94 35 22 
80 20 3 2 3 3 3 7 43 156 239 255 255 255 73 27 13 7 3 2 5 11 52 179 242 255 255 255 48 14 20 29 31 25 24 35 82 198 248 255 255 233 41 8 2 2 3 4 5 17 78 203 248 255 255 216 83 59 66 29 9 5 6 23 91 213 249 255 255 144 78 73 52 26 11 5 9 28 104 222 251 255 255 124 72 72 46 16 5 5 11 39 147 233 251 255 255 73 23 20 
88 22 5 1 2 3 6 5 34 137 234 251 255 252 76 28 14 9 5 4 2 9 45 162 235 255 255 253 52 15 21 24 28 27 26 31 76 183 244 255 255 243 46 10 6 4 5 4 7 16 73 198 247 255 255 210 87 64 56 30 12 4 4 20 92 213 247 255 255 167 73 57 49 29 12 5 8 25 103 219 249 255 255 129 77 71 39 13 4 4 7 34 136 229 254 255 255 79 27 18 
99 34 9 4 4 4 7 12 54 163 237 253 255 255 87 37 16 10 6 5 5 16 69 184 240 252 255 252 66 24 22 26 29 28 28 41 103 208 248 255 255 246 60 16 6 6 4 5 10 29 103 218 254 255 255 252 95 60 42 24 11 8 13 39 124 229 254 255 255 225 80 51 46 33 16 9 15 51 155 234 255 255 255 180 89 53 24 9 4 5 14 54 164 240 255 255 255 109 41 22 
220 55 18 4 2 3 9 26 79 200 245 255 255 255 183 60 24 7 2 3 9 31 98 218 253 255 255 255 141 50 29 25 28 27 38 62 133 224 255 255 255 255 119 45 15 6 3 6 18 47 146 228 255 255 255 255 130 79 47 25 14 16 30 70 171 240 255 255 255 255 118 66 52 42 30 23 39 89 192 243 255 255 255 255 118 64 22 10 8 14 38 93 207 246 255 255 255 233 81 49 
255 137 50 28 20 22 35 68 164 235 255 255 255 255 255 130 55 30 22 22 39 80 183 240 255 255 255 255 241 109 59 50 48 54 69 124 215 246 255 255 255 255 242 101 49 33 30 32 57 122 223 252 255 255 255 255 245 116 69 51 42 51 80 151 229 255 255 255 255 255 238 105 77 62 59 63 91 175 239 255 255 255 255 255 228 93 45 35 38 52 98 184 238 255 255 255 255 255 169 96 
255 245 164 93 72 76 120 183 231 251 255 255 255 255 255 236 156 92 77 84 128 187 241 255 255 255 255 255 255 225 152 120 109 117 169 217 245 255 255 255 255 255 255 216 156 103 93 111 172 214 248 255 255 255 255 255 255 254 162 124 106 143 179 226 254 255 255 255 255 255 255 246 171 129 122 146 190 231 250 255 255 255 255 255 255 237 143 111 113 154 196 232 255 255 255 255 255 255 255 220 
255 255 252 208 187 183 196 234 255 255 255 255 255 255 255 255 248 205 189 191 210 233 255 255 255 255 255 255 255 255 255 232 217 224 235 252 255 255 255 255 255 255 255 255 240 214 186 201 217 240 255 255 255 255 255 255 255 255 245 216 199 209 235 254 255 255 255 255 255 255 255 255 255 249 218 216 235 254 255 255 255 255 255 255 255 255 251 199 204 217 247 255 255 255 255 255 255 255 255 255 
255 255 255 255 255 255 255 255 255 255 255 255 255 255 255 255 255 255 255 255 255 255 255 255 255 255 255 255 255 255 255 255 255 255 255 255 255 255 255 255 255 255 255 255 255 255 255 255 255 255 255 255 255 255 255 255 255 255 255 255 255 255 255 255 255 255 255 255 255 255 255 255 255 255 255 255 255 255 255 255 255 255 255 255 255 255 255 255 255 255 255 255 255 255 255 255 255 255 255 255 
225 254 255 255 255 255 255 255 255 255 189 146 152 188 236 255 255 255 255 255 255 255 255 255 159 134 146 205 243 255 255 255 255 255 255 255 255 247 141 136 153 200 245 255 255 255 255 255 255 255 255 209 131 125 140 191 236 255 255 255 255 255 255 255 255 198 127 114 132 192 231 252 255 255 255 255 255 255 255 198 121 114 149 206 244 255 255 255 255 255 255 255 255 151 104 100 133 196 242 255 
104 200 246 255 255 255 255 255 234 86 43 36 35 55 118 213 254 255 255 255 255 255 196 72 41 36 52 79 151 221 251 255 255 255 255 255 144 73 49 48 61 87 157 230 255 255 255 255 255 255 106 54 37 36 38 68 143 228 253 255 255 255 255 255 166 98 61 43 42 67 155 233 255 255 255 255 255 249 137 110 75 49 55 96 187 243 255 255 255 255 255 255 163 100 53 35 48 86 178 241 
36 98 216 250 255 255 255 250 80 37 16 10 11 20 44 118 226 254 255 255 255 231 61 25 15 19 26 39 68 157 234 255 255 255 255 177 55 34 29 30 35 47 73 164 238 255 255 255 255 122 43 19 13 12 16 25 63 168 237 255 255 255 255 214 150 96 56 29 19 29 70 188 242 255 255 255 255 171 137 120 72 35 23 49 101 202 249 255 255 255 255 180 168 105 50 22 20 40 100 210 
16 54 171 238 255 255 255 131 47 24 18 10 5 10 23 71 203 250 255 255 255 93 30 14 13 20 26 28 47 95 218 254 255 255 255 78 30 24 31 30 30 31 44 113 224 253 255 255 251 69 23 12 8 10 10 14 38 109 226 250 255 255 249 156 163 147 87 39 14 15 41 132 230 254 255 255 225 173 184 184 89 33 15 25 71 169 240 255 255 255 198 158 191 173 72 26 12 27 67 168 
7 30 140 233 255 255 255 92 35 20 17 9 5 6 11 45 169 239 255 255 255 72 21 12 11 21 25 28 34 74 198 249 255 255 253 58 18 25 27 29 28 26 37 92 208 245 255 255 206 52 14 6 7 8 9 7 24 80 209 249 255 255 218 137 150 169 121 50 15 8 26 100 219 252 255 255 219 160 201 199 106 36 9 12 45 127 228 255 255 255 193 164 209 216 108 36 11 20 48 139 
7 32 130 232 255 255 255 97 42 23 13 6 3 4 10 43 161 233 252 255 255 77 25 13 10 16 26 30 35 76 198 247 255 255 253 57 19 23 29 33 30 29 45 108 208 248 255 255 230 55 15 6 6 6 6 7 24 77 213 248 255 255 236 145 154 177 124 48 14 9 28 106 221 248 255 255 239 173 178 174 106 35 9 14 47 125 224 252 255 255 232 200 237 243 117 41 15 19 49 144 
8 42 157 238 255 255 255 149 55 27 11 6 3 6 20 64 178 242 255 255 255 109 38 13 8 16 26 29 46 100 209 252 255 255 255 84 31 24 34 44 39 32 63 135 226 251 255 255 255 85 32 10 6 8 9 13 38 109 219 249 255 255 255 174 174 176 94 43 16 15 47 139 234 255 255 255 255 199 160 130 75 30 12 23 67 158 236 255 255 255 255 238 235 220 97 47 21 29 72 171 
29 81 202 246 255 255 255 242 80 34 12 5 5 16 46 124 225 251 255 255 255 223 68 27 11 15 28 43 71 147 227 252 255 255 255 181 58 41 47 61 46 45 84 183 243 255 255 255 255 175 61 28 14 13 17 32 76 167 243 255 255 255 255 240 205 145 69 34 24 39 87 193 245 255 255 255 255 237 169 107 54 26 22 47 114 206 249 255 255 255 255 255 239 161 80 47 39 54 113 215 
76 164 241 255 255 255 255 255 173 76 40 32 35 53 113 206 245 255 255 255 255 255 150 68 45 41 62 84 149 221 255 255 255 255 255 255 134 83 91 101 82 87 164 231 253 255 255 255 255 255 145 76 53 46 51 94 170 233 255 255 255 255 255 255 255 165 93 61 64 100 185 236 255 255 255 255 255 255 227 127 75 57 70 122 200 237 255 255 255 255 255 255 255 176 97 76 85 127 210 244 
188 222 254 255 255 255 255 255 255 211 131 104 111 158 202 236 255 255 255 255 255 255 255 183 130 123 143 185 223 250 255 255 255 255 255 255 252 197 195 184 171 194 228 255 255 255 255 255 255 255 254 191 148 140 151 190 224 254 255 255 255 255 255 255 255 255 194 155 168 204 238 255 255 255 255 255 255 255 255 247 175 151 171 208 246 255 255 255 255 255 255 255 255 255 178 173 191 217 246 255 
238 255 255 255 255 255 255 255 255 255 211 206 204 225 251 255 255 255 255 255 255 255 255 255 220 207 228 247 255 255 255 255 255 255 255 255 255 255 255 255 255 255 255 255 255 255 255 255 255 255 255 255 243 219 228 249 255 255 255 255 255 255 255 255 255 255 255 249 244 253 255 255 255 255 255 255 255 255 255 255 255 223 234 253 255 255 255 255 255 255 255 255 255 255 254 244 243 255 255 255 
255 255 255 255 255 255 255 255 255 255 255 255 255 255 255 255 255 255 255 255 255 255 255 255 255 255 255 255 255 255 255 255 255 255 255 255 255 255 255 255 255 255 255 255 255 255 255 255 255 255 255 255 255 255 255 255 255 255 255 255 255 255 255 255 255 255 255 255 255 255 255 255 255 255 255 255 255 255 255 255 255 255 255 255 255 255 255 255 255 255 255 255 255 255 255 255 255 255 255 255 
255 255 255 209 148 169 205 237 255 255 255 255 255 255 255 255 255 177 156 160 204 237 255 255 255 255 255 255 255 255 255 148 127 149 202 240 255 255 255 255 255 255 255 255 217 138 121 144 194 236 255 255 255 255 255 255 255 255 234 151 125 140 199 241 255 255 255 255 255 255 255 255 195 129 108 130 192 240 255 255 255 255 255 255 255 255 167 107 101 134 197 244 255 255 255 255 255 255 255 220 
255 255 94 50 39 43 62 110 205 247 255 255 255 255 255 224 87 55 48 51 67 119 213 252 255 255 255 255 255 188 71 46 44 55 80 138 213 250 255 255 255 255 255 135 59 39 36 40 67 135 225 252 255 255 255 255 255 199 142 89 55 46 70 141 230 247 255 255 255 255 255 138 106 80 48 44 64 145 232 254 255 255 255 255 242 157 116 69 40 41 79 167 237 255 255 255 255 255 172 68 
255 100 39 17 12 11 21 40 100 214 254 255 255 255 255 85 42 26 19 17 24 45 125 221 252 255 255 255 248 63 31 24 25 32 39 58 137 230 252 255 255 255 190 53 24 14 13 16 25 55 146 235 255 255 255 255 169 93 92 66 27 18 27 60 166 240 255 255 255 255 117 65 71 59 27 16 27 71 183 244 255 255 255 255 99 75 70 42 19 16 33 80 191 243 255 255 255 231 67 31 
216 56 18 7 6 4 8 16 48 164 242 255 255 255 154 48 23 16 8 6 6 19 64 190 246 255 255 255 102 29 14 21 23 26 26 37 87 194 247 255 255 255 79 23 7 5 5 5 9 27 87 204 248 255 255 254 74 33 29 27 12 7 12 34 100 212 251 255 255 245 60 25 24 25 13 10 13 35 115 222 255 255 255 189 52 27 27 20 10 9 17 45 140 230 249 255 255 143 37 17 
107 35 14 9 5 6 6 9 33 131 234 255 255 255 97 37 20 13 10 3 6 11 42 153 237 255 255 255 69 20 16 25 27 27 27 32 70 175 243 255 255 255 54 11 4 5 5 7 4 17 63 188 244 255 255 222 57 28 28 20 8 7 11 22 79 202 250 255 255 202 51 26 28 22 11 8 12 27 93 216 254 255 255 120 46 32 34 25 9 6 11 33 118 228 254 255 255 89 26 19 
123 41 15 9 5 5 5 5 27 117 228 255 255 255 109 40 18 10 6 5 5 7 36 140 235 254 255 255 72 20 21 27 30 30 27 31 61 162 238 255 255 255 61 15 5 4 3 6 7 14 59 175 243 255 255 237 72 47 50 29 12 6 5 17 71 198 250 255 255 234 71 43 49 31 11 5 7 22 89 214 251 255 255 154 79 68 73 35 10 4 7 30 114 223 250 255 255 96 28 20 
189 52 17 8 5 6 5 11 42 135 234 255 255 255 133 51 19 11 7 5 7 12 52 158 242 255 255 255 94 33 20 27 29 27 27 38 78 184 245 255 255 255 90 27 4 4 5 7 9 23 76 195 246 255 255 255 112 73 58 29 10 6 6 22 90 209 251 255 255 255 98 55 44 26 10 5 9 28 110 221 253 255 255 239 123 105 78 31 10 3 10 43 145 232 255 255 255 169 51 23 
235 76 29 9 4 5 10 28 83 191 248 255 255 255 233 69 30 13 10 8 12 37 97 211 253 255 255 255 165 57 33 26 26 28 41 66 134 225 255 255 255 255 156 51 19 7 9 11 23 57 143 230 255 255 255 255 194 92 56 23 10 14 20 54 150 235 255 255 255 255 154 78 45 20 9 10 24 61 171 237 255 255 255 255 161 116 64 30 15 15 33 86 203 246 255 255 255 244 90 46 
255 191 69 36 25 27 37 71 171 240 255 255 255 255 255 169 65 44 34 31 41 82 176 238 255 255 255 255 255 135 66 52 47 54 73 122 208 251 255 255 255 255 255 118 56 35 34 41 61 118 208 249 255 255 255 255 255 148 80 46 35 44 56 119 212 249 255 255 255 255 253 141 74 44 35 38 63 145 219 245 255 255 255 255 255 168 89 58 44 48 81 173 237 254 255 255 255 255 214 104 
255 255 174 114 82 90 132 190 238 255 255 255 255 255 255 249 169 116 102 104 140 200 239 255 255 255 255 255 255 251 174 132 116 128 177 223 249 255 255 255 255 255 255 230 159 123 123 134 172 210 246 255 255 255 255 255 255 255 194 136 113 136 179 224 247 255 255 255 255 255 255 255 175 133 116 132 180 228 251 255 255 255 255 255 255 253 192 149 143 162 192 233 251 255 255 255 255 255 255 223 
255 255 255 228 197 194 219 231 255 255 255 255 255 255 255 255 252 215 200 197 218 235 255 255 255 255 255 255 255 255 255 235 206 218 235 255 255 255 255 255 255 255 255 255 255 225 216 210 233 255 255 255 255 255 255 255 255 255 255 232 211 201 232 254 255 255 255 255 255 255 255 255 255 239 206 210 241 254 255 255 255 255 255 255 255 255 255 234 218 225 238 255 255 255 255 255 255 255 255 255 
255 255 255 255 255 255 255 255 255 255 255 255 255 255 255 255 255 255 255 255 255 255 255 255 255 255 255 255 255 255 255 255 255 255 255 255 255 255 255 255 255 255 255 255 255 255 255 255 255 255 255 255 255 255 255 255 255 255 255 255 255 255 255 255 255 255 255 255 255 255 255 255 255 255 255 255 255 255 255 255 255 255 255 255 255 255 255 255 255 255 255 255 255 255 255 255 255 255 255 255 
217 253 255 255 255 255 255 255 255 255 150 113 120 157 220 252 255 255 255 255 255 255 255 249 132 110 133 178 229 255 255 255 255 255 255 255 255 230 136 125 134 177 232 255 255 255 255 255 255 255 255 161 110 98 117 178 232 255 255 255 255 255 255 255 255 142 102 86 104 162 231 255 255 255 255 255 255 255 255 129 91 82 105 174 236 255 255 255 255 255 255 255 202 100 66 70 100 158 228 250 
93 181 244 255 255 255 255 255 255 92 45 33 34 43 95 191 249 255 255 255 255 255 201 76 39 39 52 69 120 208 252 255 255 255 255 255 161 74 58 53 53 69 130 211 249 255 255 255 255 255 116 52 34 30 35 62 125 220 255 255 255 255 255 255 116 64 38 28 30 52 126 221 254 255 255 255 255 255 105 62 37 26 33 63 145 232 255 255 255 255 255 209 79 40 24 25 32 64 149 230 
32 88 210 252 255 255 255 255 79 35 15 8 9 15 39 116 225 255 255 255 255 225 60 23 13 20 29 37 64 141 230 255 255 255 255 156 54 34 34 32 30 35 58 153 235 254 255 255 255 106 37 15 12 10 12 25 55 160 239 255 255 255 255 130 64 44 23 11 12 22 58 171 243 255 255 255 255 115 71 44 23 11 14 28 71 192 246 255 255 255 255 88 51 29 13 9 15 39 93 200 
10 35 133 228 255 255 255 159 48 22 9 5 4 5 13 50 168 239 255 255 255 117 36 11 8 15 25 27 40 79 197 248 255 255 255 94 30 20 24 25 25 21 28 77 203 249 255 255 255 64 15 5 8 7 5 8 26 85 216 251 255 255 255 103 67 56 28 10 5 8 27 93 217 250 255 255 230 94 67 54 29 12 8 10 36 128 226 255 255 255 180 71 51 35 15 7 6 20 57 147 
4 23 108 225 252 255 255 106 34 17 8 5 3 2 9 33 144 236 255 255 255 85 25 11 9 16 25 28 33 64 180 242 255 255 255 63 21 21 25 25 25 20 21 64 198 245 255 255 232 47 7 7 12 11 5 5 16 72 205 251 255 255 232 94 77 68 36 11 7 5 20 80 208 250 255 255 186 90 76 58 28 12 5 9 28 99 228 255 255 255 136 75 67 41 15 4 4 16 46 132 
4 19 100 218 249 255 255 121 38 16 8 4 1 2 6 30 130 231 255 255 255 102 31 12 10 16 22 27 32 63 171 241 255 255 255 72 23 21 23 27 24 20 20 59 188 246 255 255 247 53 9 5 11 11 4 4 14 70 203 249 255 255 237 114 94 75 36 12 4 3 20 81 213 249 255 255 224 107 74 51 24 10 6 7 28 103 225 253 255 255 178 100 93 54 16 5 5 19 52 139 
8 35 128 226 255 255 255 182 56 20 9 5 3 3 10 51 154 236 255 255 255 161 48 16 11 15 23 29 42 89 191 243 255 255 255 100 43 27 27 25 26 25 37 85 209 247 255 255 255 75 24 7 9 9 5 7 31 105 220 254 255 255 255 147 105 66 30 10 6 11 39 127 227 253 255 255 254 129 80 39 18 8 7 15 50 145 232 255 255 255 254 132 100 53 18 6 10 29 77 182 
==================================================
=========================	2.bmp matrix	=========================
158 130 53 27 17 16 25 30 79 135 147 76 44 46 79 131 232 170 47 42 102 186 169 127 67 30 27 39 95 132 144 78 47 61 62 57 42 48 50 69 85 80 82 98 115 134 106 51 40 41 48 45 50 53 47 49 54 72 72 58 53 47 43 45 38 24 25 27 20 29 31 32 35 40 35 24 34 38 112 170 189 197 166 155 146 108 33 23 74 134 173 174 176 199 184 144 45 42 103 142 
151 118 51 34 22 22 45 70 120 145 154 105 78 63 77 96 184 147 45 32 107 205 182 130 51 27 21 38 82 111 126 70 59 92 93 73 46 47 46 57 55 54 63 66 79 90 71 45 36 43 46 40 43 43 40 42 60 107 109 82 56 47 40 40 36 23 26 29 24 31 38 38 31 32 33 27 35 41 110 164 199 215 185 158 141 116 35 26 95 141 177 172 161 197 187 154 54 39 75 113 
71 65 52 40 29 38 123 184 163 139 134 152 180 162 117 71 59 66 40 37 101 200 183 117 34 18 20 38 43 50 57 52 117 191 165 112 52 43 38 50 52 62 52 43 41 42 46 37 36 41 42 37 44 41 41 41 91 180 189 161 101 66 40 33 32 35 28 33 40 40 43 43 33 33 37 33 35 44 74 107 171 209 201 147 89 63 22 35 113 143 167 170 168 194 170 127 57 61 72 76 
33 41 49 47 34 39 129 175 128 79 85 159 205 197 119 73 34 43 39 39 57 111 105 70 36 22 21 33 29 22 36 42 128 211 181 101 38 33 36 51 95 124 87 49 37 35 44 40 38 45 45 43 45 49 44 42 76 156 204 197 157 113 47 41 37 44 41 42 45 44 42 48 47 35 37 32 38 47 48 64 98 147 151 87 25 18 21 45 94 117 131 153 186 206 159 93 70 105 123 125 
31 41 44 47 36 28 59 66 34 22 51 160 201 165 58 32 25 29 40 40 34 42 40 43 42 33 24 30 26 25 37 59 153 200 172 76 44 57 61 61 139 162 136 82 38 30 43 37 34 44 48 43 42 48 43 43 49 75 132 170 164 115 53 49 45 44 41 40 41 32 39 99 121 60 43 33 33 33 38 49 48 59 58 29 12 12 29 43 42 42 60 86 156 196 133 61 75 112 130 160 
29 38 42 43 37 30 37 28 13 13 36 109 168 120 41 31 26 21 40 42 40 36 34 47 41 40 37 32 32 28 37 56 134 160 130 73 101 131 130 101 150 153 133 89 34 28 31 26 32 42 38 41 42 48 42 41 45 51 57 94 115 77 43 48 35 24 24 37 23 12 30 108 157 105 87 52 32 39 53 53 52 46 39 25 22 22 30 37 32 32 39 53 92 113 69 28 49 86 97 103 
32 42 46 42 41 34 29 28 22 19 34 48 73 53 37 31 23 20 35 36 44 45 40 40 37 44 44 40 23 14 12 13 33 55 47 49 137 173 189 169 166 178 157 116 31 14 16 14 20 27 29 34 41 42 40 32 39 40 44 47 53 42 35 29 14 10 16 25 16 10 43 103 151 189 177 106 56 88 123 116 113 103 72 38 39 34 33 40 31 28 36 41 52 52 39 21 19 29 37 38 
30 45 53 47 42 41 36 32 30 26 36 31 42 30 29 26 21 19 22 30 47 46 42 41 37 42 41 42 21 13 15 12 8 21 36 40 103 165 209 197 175 186 186 155 58 26 22 18 30 36 33 34 30 29 33 31 36 45 45 33 27 27 17 12 5 7 18 31 24 21 85 127 152 186 203 155 96 116 156 169 168 159 110 47 33 31 37 48 36 31 37 44 49 41 37 36 27 22 32 32 
30 40 48 45 46 45 41 32 36 32 38 33 34 31 37 27 23 19 20 18 29 32 39 38 33 34 35 39 26 25 30 17 13 18 33 39 77 160 215 192 162 166 164 139 58 31 30 37 55 52 42 44 40 34 39 29 34 36 45 30 17 16 4 5 3 6 24 36 30 36 112 141 157 168 183 146 88 94 125 162 158 142 104 37 29 33 70 107 93 79 80 66 45 35 77 96 56 38 33 32 
32 41 46 44 40 45 44 35 40 37 37 39 38 41 44 30 28 28 24 21 19 24 38 35 33 35 38 33 30 29 29 25 24 20 17 25 61 142 209 195 139 101 95 74 36 24 38 68 102 81 41 43 44 44 41 27 30 30 40 33 28 15 3 4 5 7 24 27 34 40 82 110 144 152 136 107 73 62 63 96 109 109 79 42 35 47 139 192 179 150 135 107 55 54 113 139 82 51 40 36 
38 39 34 31 33 32 36 31 36 61 61 38 27 27 32 34 36 36 38 26 21 27 40 35 41 54 50 43 65 80 49 28 22 23 10 8 19 83 181 181 104 48 44 44 30 33 61 121 197 141 50 46 45 48 32 29 38 36 36 33 32 19 3 7 5 14 25 28 44 37 43 61 132 159 136 126 88 56 43 43 54 54 44 41 35 49 168 212 185 160 143 140 129 110 127 158 121 95 55 33 
40 37 32 25 21 20 18 26 57 121 119 62 23 14 15 19 26 33 34 24 25 36 34 34 56 109 123 125 158 153 97 38 15 18 10 5 8 39 126 115 59 35 35 39 27 36 85 139 184 132 60 47 45 46 32 28 37 33 23 19 16 9 4 9 13 24 30 34 41 39 40 51 117 157 142 138 100 59 39 40 39 42 39 39 38 46 98 127 127 124 124 130 176 154 142 154 138 125 71 37 
32 34 24 19 10 10 12 29 97 176 190 125 37 20 13 17 32 34 24 21 33 40 29 30 58 146 165 191 214 187 118 46 24 20 13 10 8 18 46 46 33 32 25 20 25 42 98 142 135 79 52 44 44 40 30 28 36 44 27 9 4 3 5 12 23 29 36 40 40 36 39 31 46 74 105 124 85 34 29 34 38 41 39 38 40 39 40 46 55 63 74 101 174 163 122 99 111 81 44 33 
26 23 16 12 14 19 20 30 81 157 208 175 63 24 22 27 30 27 31 29 33 41 32 27 45 103 150 184 180 151 74 27 21 26 24 23 20 14 18 24 28 26 20 15 23 42 75 119 106 51 43 44 47 36 28 34 46 43 21 6 2 4 6 16 22 29 27 32 34 32 38 29 25 32 39 58 40 18 10 23 36 39 40 43 38 34 37 26 32 40 48 84 172 160 105 60 56 30 24 26 
33 21 15 14 32 37 32 28 44 97 170 185 97 25 20 30 24 24 30 32 29 33 25 27 38 45 72 94 68 55 30 22 18 26 29 31 28 23 15 18 14 8 9 24 31 29 36 52 61 38 26 32 36 20 19 27 40 32 10 5 4 4 12 16 23 24 23 32 31 24 28 26 22 25 16 14 14 10 8 20 34 39 46 66 58 39 33 23 30 39 44 80 167 176 138 67 31 16 16 26 
42 33 27 21 34 37 31 22 23 59 136 162 116 42 22 27 30 35 31 29 33 29 27 35 37 46 77 92 52 29 26 25 27 30 34 33 32 37 28 26 9 4 6 21 26 20 18 26 41 27 15 19 27 20 19 28 33 27 8 4 3 7 27 31 49 51 34 31 29 23 29 26 21 20 25 15 8 6 8 17 33 50 81 113 101 61 33 34 39 44 48 82 158 168 137 62 33 21 15 18 
39 43 38 32 38 40 34 26 23 43 82 123 118 73 36 32 43 38 31 31 40 38 40 58 79 130 180 170 120 51 28 28 41 37 34 31 27 36 40 33 16 8 3 7 11 21 31 32 42 33 22 18 19 15 18 21 16 10 4 5 6 18 44 73 98 109 54 35 30 30 30 22 26 21 20 13 5 8 17 15 36 103 138 133 127 104 98 99 70 54 39 52 95 107 77 50 37 34 30 21 
35 40 50 39 40 44 45 38 41 51 67 105 111 76 46 33 39 39 40 41 43 36 51 112 173 215 215 180 132 67 29 36 51 48 37 35 28 31 35 39 35 14 4 5 6 22 43 49 55 45 36 29 19 15 28 28 9 3 5 4 10 30 58 85 146 169 77 54 54 55 37 29 39 36 16 8 5 15 31 27 82 177 168 130 111 109 160 165 121 96 53 39 47 51 51 46 40 38 38 33 
62 70 56 38 48 60 57 53 54 48 49 66 69 49 42 30 40 40 41 44 41 30 58 161 237 226 156 95 53 37 33 44 60 66 49 44 38 36 47 48 43 30 17 6 8 17 34 53 57 48 49 48 43 36 34 33 10 7 6 5 12 27 48 65 201 244 162 142 149 143 77 44 47 50 30 15 5 15 35 43 130 199 170 98 53 58 152 211 162 130 76 39 30 36 46 42 42 35 36 38 
126 132 104 69 86 112 93 79 66 46 41 45 38 40 41 37 39 30 36 39 35 22 43 113 189 181 86 40 25 22 30 63 86 70 45 50 48 63 96 87 45 37 26 16 21 20 23 48 55 48 50 49 52 48 38 29 19 11 11 12 17 24 44 68 157 196 170 175 176 177 108 52 55 82 97 65 18 18 31 34 77 123 108 68 39 44 147 214 168 102 40 28 30 37 47 39 49 37 33 37 
142 171 161 107 112 140 182 196 149 70 42 40 34 36 40 33 36 36 39 33 35 36 42 54 69 71 44 43 37 27 49 106 131 99 62 55 53 115 165 156 71 38 31 34 38 30 18 21 38 39 42 43 46 46 38 27 22 17 28 27 29 42 83 98 106 94 133 179 178 178 161 77 81 171 211 165 49 27 37 29 33 42 38 39 37 60 158 200 166 70 13 9 24 39 43 39 38 32 36 42 
137 164 117 81 89 136 191 224 201 109 44 31 30 32 38 37 50 48 39 30 24 31 47 65 85 82 86 111 96 47 55 106 159 146 119 72 65 119 168 177 110 55 38 39 40 36 22 17 25 26 25 34 38 40 39 27 31 28 33 32 30 53 104 112 103 86 143 186 183 178 163 91 107 202 213 188 77 37 36 29 34 38 33 33 38 65 152 189 156 63 13 7 16 28 38 35 34 31 36 53 
144 127 46 30 55 127 171 166 143 93 49 39 30 26 30 35 38 33 29 21 14 28 63 120 158 168 202 208 184 107 49 65 131 164 138 75 55 85 123 150 123 69 45 43 37 39 35 29 26 24 30 33 33 35 34 34 38 35 40 39 29 39 125 193 154 110 146 170 184 186 178 120 130 206 189 161 65 26 28 26 36 37 37 46 57 85 145 164 95 42 39 41 44 47 79 71 51 55 73 107 
122 94 26 12 39 112 159 130 90 71 52 41 26 19 26 31 35 25 20 15 15 26 77 119 166 193 218 204 190 141 65 59 69 102 103 61 71 100 117 131 101 60 37 36 42 36 33 35 26 27 66 66 33 28 26 38 44 37 41 36 17 20 131 238 196 117 117 144 161 187 197 131 121 201 191 145 50 19 21 29 40 41 57 98 117 133 178 183 90 46 92 102 105 126 186 170 117 99 120 149 
144 117 34 15 25 59 105 87 72 105 108 66 28 23 30 33 42 38 31 27 21 48 99 101 120 167 183 164 163 141 121 138 89 79 114 120 155 170 127 83 52 46 36 35 36 34 26 32 30 31 65 69 20 13 19 35 41 45 53 32 9 9 61 153 131 55 47 63 70 114 130 78 92 182 196 159 51 22 51 93 105 72 81 148 162 171 193 198 106 64 107 118 146 212 250 236 175 113 150 188 
155 137 55 33 31 39 64 74 112 144 136 81 42 26 28 33 50 50 36 29 52 81 111 110 109 139 138 120 112 120 169 202 144 111 137 149 183 179 120 48 21 23 24 27 24 21 18 30 32 31 41 40 13 5 13 35 48 75 69 30 11 11 28 57 47 28 34 31 35 56 62 44 65 149 178 154 88 67 107 165 173 105 70 121 149 148 170 175 97 60 101 129 153 223 238 211 137 101 177 199 
163 128 49 38 31 28 94 151 197 175 127 106 85 60 43 36 44 45 27 24 109 156 120 108 89 91 83 62 91 136 170 203 153 151 130 85 98 106 70 31 15 22 28 31 23 21 26 26 30 30 34 32 8 3 8 29 53 75 66 30 18 20 31 31 24 37 41 39 32 41 35 31 46 81 109 151 174 171 160 183 193 136 62 72 103 115 151 160 118 105 125 139 143 194 200 161 90 101 152 154 
143 104 35 27 29 28 140 207 213 150 106 141 156 130 73 39 42 41 21 26 134 196 134 115 78 47 41 44 88 123 135 173 168 190 129 49 41 34 29 24 17 26 33 28 19 17 27 23 32 28 32 23 5 2 8 24 46 54 48 36 21 18 23 29 34 67 75 51 30 36 29 27 33 43 70 147 199 203 184 188 194 151 53 53 98 119 153 165 151 155 117 97 91 139 173 147 114 112 93 79 
125 89 37 33 28 24 101 168 167 129 138 169 176 159 96 39 38 39 53 62 115 153 106 104 66 29 29 41 66 80 92 138 161 154 94 46 30 26 34 37 24 30 37 28 27 37 47 46 48 38 41 26 8 4 7 20 39 42 48 44 35 33 28 31 86 133 131 99 61 40 28 26 30 30 50 124 188 195 182 184 183 148 62 50 97 113 138 147 158 150 69 40 41 63 127 148 149 138 82 51 
141 99 47 39 33 27 38 84 108 125 162 175 156 122 71 36 38 47 116 157 141 127 83 65 38 26 30 41 48 55 59 86 103 86 52 37 40 58 76 61 37 41 61 55 65 97 102 95 82 56 59 47 15 5 5 17 39 43 52 45 43 48 48 60 110 167 180 168 110 50 32 29 31 34 55 131 181 200 185 180 171 160 82 52 75 88 91 103 111 91 42 33 40 78 153 180 175 148 70 38 
77 51 36 35 32 27 30 37 56 88 132 146 100 52 43 37 57 83 147 183 162 131 55 34 31 28 27 31 31 36 26 33 39 44 29 26 57 93 103 85 72 97 138 142 135 131 140 159 156 131 107 95 42 13 8 21 38 46 47 39 39 43 54 81 111 169 242 219 135 69 71 86 83 39 59 135 187 179 172 157 136 139 97 92 83 58 42 34 38 33 29 36 55 139 212 216 178 111 41 33 
39 32 31 27 29 30 31 31 41 41 59 71 58 39 39 71 141 167 153 138 141 108 45 31 30 32 30 29 30 30 24 28 33 37 23 27 111 147 111 87 116 150 159 168 122 102 149 177 171 146 115 108 53 22 20 23 29 43 42 31 32 38 44 70 102 131 203 184 93 70 105 132 136 71 45 103 171 152 103 77 69 97 127 147 127 88 66 37 24 26 27 30 52 123 186 192 113 64 42 35 
36 31 31 35 37 40 41 38 26 18 28 31 29 24 31 91 210 218 152 70 66 54 57 67 64 46 36 37 30 25 23 23 30 33 23 48 228 244 171 119 103 98 101 102 66 56 86 104 112 99 104 98 54 40 54 61 35 30 37 24 28 30 33 51 62 58 76 65 32 55 129 165 182 130 44 48 79 63 28 23 37 75 137 191 163 145 140 77 33 33 28 26 33 51 87 89 56 43 42 40 
39 36 34 41 40 43 40 39 33 31 43 43 29 21 26 61 198 200 141 51 36 49 93 130 126 77 31 29 33 29 23 23 25 25 27 58 210 242 191 155 98 61 41 45 39 43 48 47 48 48 77 77 50 60 113 117 60 37 29 27 29 30 51 92 93 60 56 42 29 58 142 178 197 130 45 27 35 30 30 20 39 93 164 209 175 165 177 105 36 27 35 31 31 30 42 44 37 32 42 41 
33 29 37 37 32 35 33 34 36 38 76 124 119 75 27 61 199 172 107 41 43 95 132 156 149 107 53 34 26 22 20 25 30 30 30 39 83 132 167 164 130 64 21 21 20 19 29 30 32 28 41 43 26 52 141 144 81 36 34 27 26 34 72 145 162 131 110 83 48 86 157 171 189 101 27 21 27 27 33 20 34 94 184 198 166 161 160 82 43 39 44 40 22 15 16 20 30 31 38 38 
37 26 37 36 31 31 22 27 31 37 108 170 165 138 50 68 204 172 77 26 50 120 146 169 175 153 130 80 22 17 24 26 36 28 37 40 47 72 127 144 110 59 26 28 24 23 27 30 28 27 40 35 22 36 153 167 72 29 25 28 31 31 50 96 132 143 145 115 47 69 127 141 172 104 31 26 22 27 35 27 34 89 193 195 135 103 85 55 47 42 48 37 16 6 7 23 38 40 46 41 
45 24 21 22 29 26 24 21 37 65 143 195 183 158 95 93 147 118 49 26 40 85 103 158 202 177 172 120 29 20 30 35 34 32 39 41 40 42 51 58 50 42 35 31 23 16 24 35 28 29 37 33 23 30 99 123 45 22 31 30 32 24 23 29 68 124 145 108 42 35 50 52 67 60 40 42 35 31 33 32 38 73 160 171 81 39 33 36 43 46 46 37 12 5 9 32 58 86 113 89 
39 29 25 22 19 16 25 24 73 128 159 187 200 186 151 143 127 55 30 24 26 41 51 93 152 149 141 94 25 22 30 33 28 32 43 36 32 26 27 28 31 28 27 36 26 20 27 24 21 31 33 45 58 49 46 51 28 37 58 60 91 77 22 19 37 65 105 119 87 50 30 23 25 33 36 40 39 38 33 35 43 58 103 96 46 25 20 24 30 37 42 28 10 8 12 31 92 154 169 154 
30 31 40 36 16 16 42 50 105 152 155 138 162 166 149 142 100 37 23 20 24 36 51 81 133 129 98 70 29 21 26 36 29 30 32 31 24 17 6 11 17 20 22 23 21 29 30 19 24 33 41 73 112 100 41 36 48 87 132 147 225 202 76 33 55 76 135 180 168 107 41 24 19 26 32 34 32 33 35 39 44 44 47 34 25 20 21 18 18 18 16 13 9 9 14 27 86 163 182 192 
33 31 40 36 19 37 119 130 136 167 184 139 104 104 86 84 61 25 19 23 37 54 82 124 171 169 144 128 87 36 27 33 27 28 27 26 36 23 5 6 7 11 20 26 29 30 26 26 28 31 48 86 130 135 60 52 75 113 165 196 232 209 98 62 110 126 165 187 165 143 68 36 24 23 27 26 32 33 39 39 43 36 38 35 34 31 35 35 29 13 7 14 19 18 18 20 46 104 139 164 
42 45 40 35 39 75 145 140 138 184 202 138 46 39 29 43 83 71 58 85 93 90 92 144 182 195 180 179 160 71 23 28 27 26 29 24 32 27 16 5 5 18 37 39 34 21 17 27 27 20 26 68 182 203 122 97 92 105 155 187 207 212 102 79 134 152 180 174 155 170 163 82 33 29 27 28 39 41 37 37 47 39 31 36 43 42 46 42 38 15 13 24 32 30 28 27 53 86 114 150 
38 39 37 34 55 101 142 146 166 188 174 101 39 29 24 60 166 168 147 128 104 91 69 91 143 189 182 179 162 80 27 30 28 26 28 25 24 19 15 8 8 24 34 27 20 14 9 15 15 9 16 45 174 219 188 145 95 94 110 148 185 208 98 63 107 123 139 174 174 184 240 164 50 61 82 85 90 56 33 36 45 41 31 31 36 39 43 43 38 15 18 27 23 31 32 37 88 124 160 193 
49 44 34 33 74 114 117 142 193 190 138 67 30 23 22 71 202 224 202 165 107 79 42 48 109 177 194 169 126 66 26 24 33 36 30 29 25 17 11 8 17 26 23 14 13 13 10 10 17 18 15 23 90 159 178 140 80 70 70 79 106 113 63 42 46 69 103 141 179 202 251 201 95 103 145 191 177 93 33 35 35 39 44 39 36 29 36 36 26 17 32 32 30 30 35 41 92 124 155 192 
94 91 74 81 102 110 99 98 170 186 115 52 22 23 21 51 154 196 200 165 96 67 54 64 134 192 207 183 136 69 26 20 25 37 28 27 27 28 22 24 30 26 17 17 21 25 26 24 34 31 21 22 56 90 132 139 92 87 90 68 43 52 44 28 30 60 95 109 135 180 219 144 99 112 162 208 199 124 34 29 32 32 36 39 34 25 29 31 21 26 39 33 36 32 37 36 60 76 88 124 
187 199 173 161 132 99 46 34 75 96 43 19 12 11 8 17 52 166 235 191 131 114 100 74 100 169 200 185 155 86 34 29 29 32 25 25 29 35 33 37 37 26 16 16 26 36 53 60 68 61 38 59 115 125 164 209 169 122 90 56 29 31 33 31 30 45 70 68 55 79 102 76 71 106 172 186 195 167 88 47 27 23 19 28 33 29 33 30 30 32 28 33 33 31 28 30 27 26 24 32 
182 201 184 168 145 110 33 23 38 39 21 9 7 8 7 11 40 165 252 224 160 146 133 66 43 87 160 164 137 74 34 36 37 37 34 34 29 29 44 43 39 26 26 29 34 48 68 111 165 153 84 107 156 166 177 183 127 81 48 30 27 24 28 27 31 37 53 49 42 43 53 57 57 106 179 179 205 190 128 57 25 23 21 21 31 30 34 40 40 33 30 36 31 23 27 33 31 25 15 17 
159 169 144 144 137 97 29 21 28 24 18 8 12 17 18 21 27 86 199 179 124 119 96 51 32 38 85 95 67 42 39 58 70 88 83 55 44 31 36 38 32 30 37 33 37 44 74 159 225 230 160 138 135 140 148 117 47 26 20 27 44 33 24 25 30 26 39 34 27 25 32 40 37 83 171 173 169 139 105 52 26 23 18 12 18 21 26 33 30 25 28 38 26 17 21 30 33 28 24 18 
124 120 103 97 78 43 24 23 25 24 16 9 19 18 21 27 25 29 68 64 56 62 49 41 36 38 53 52 46 33 43 91 132 151 157 122 109 64 33 33 27 32 35 30 36 39 53 117 238 249 197 149 123 122 180 170 77 26 25 76 107 69 28 29 34 31 34 29 21 21 28 29 25 51 116 133 95 63 51 41 32 24 11 5 5 11 14 15 23 16 21 39 29 20 17 30 39 34 26 21 
74 51 53 51 31 19 21 24 28 30 28 25 23 13 24 28 21 15 14 12 19 31 38 39 37 39 36 39 41 33 41 83 147 185 216 194 169 118 28 23 30 33 32 30 31 30 31 72 231 248 179 124 113 118 157 172 106 27 31 89 147 111 23 21 32 30 36 28 20 23 23 18 18 32 39 49 39 38 28 32 32 24 11 7 3 3 5 9 15 11 19 32 28 24 24 31 35 27 22 23 
76 30 30 29 27 25 21 24 37 36 35 35 25 18 31 27 31 36 34 17 16 29 36 39 39 36 37 39 41 36 43 62 126 174 204 177 147 93 21 23 27 37 32 34 30 30 31 55 180 206 143 106 118 143 133 135 88 39 45 76 151 107 31 24 33 36 30 30 24 28 27 23 20 24 25 32 34 36 34 36 39 30 25 12 3 2 6 12 18 16 23 21 23 26 27 27 28 30 25 37 
74 19 10 10 21 31 26 24 41 43 36 37 33 31 22 20 30 87 158 89 27 23 30 33 36 34 37 36 37 33 43 55 97 112 93 79 62 28 18 26 30 34 33 34 29 31 43 47 81 100 98 120 150 169 158 143 146 126 133 120 78 46 29 26 30 41 37 36 37 33 29 32 30 30 33 41 43 41 30 35 36 33 36 21 6 5 4 12 23 33 34 15 27 32 29 28 29 33 30 59 
55 13 8 14 23 30 33 39 54 48 42 46 37 29 21 22 41 125 225 175 60 27 29 31 37 34 27 30 40 34 37 45 55 59 50 33 18 9 19 31 40 39 30 37 33 38 52 68 84 93 99 128 150 174 176 165 176 167 153 134 52 21 18 17 34 45 40 40 38 31 29 29 28 34 36 40 39 36 30 32 32 34 34 26 9 4 5 17 54 80 38 19 38 41 32 28 29 27 27 60 
72 38 15 20 26 42 89 113 97 64 43 44 29 25 28 32 48 102 175 171 85 34 28 28 40 48 33 29 35 26 27 34 37 42 42 45 28 14 35 79 103 73 41 44 32 39 79 116 174 168 148 119 123 137 160 154 127 111 116 81 29 14 13 17 27 38 37 29 32 36 32 26 25 28 37 40 33 33 27 27 31 33 18 12 5 5 11 44 145 164 77 67 111 106 69 52 25 17 24 27 
123 90 34 16 18 65 177 202 178 131 68 52 41 33 41 47 54 76 106 104 54 34 32 48 102 114 48 24 31 26 30 32 35 33 42 59 53 38 64 123 143 118 68 45 36 44 92 124 181 191 176 108 66 77 101 92 50 36 53 40 29 23 27 30 33 40 39 25 32 29 33 31 33 30 36 36 35 34 26 26 33 30 16 13 11 14 37 93 178 179 119 112 133 160 142 87 16 12 22 29 
125 111 72 23 20 107 215 224 219 204 167 143 83 95 136 138 115 101 67 63 44 30 40 98 179 190 105 46 26 24 31 34 33 34 49 87 111 121 139 160 157 124 75 50 47 67 112 140 156 174 203 121 35 37 36 29 13 13 25 30 30 33 36 31 30 34 37 21 21 21 26 27 27 22 21 22 33 32 36 33 25 21 21 22 24 30 57 104 182 190 169 133 86 107 128 68 15 9 24 62 
103 112 72 22 15 94 207 213 211 211 205 191 132 148 184 171 138 121 105 108 88 46 43 101 183 205 158 91 37 26 32 31 29 32 49 109 171 170 168 175 148 121 88 79 76 86 127 137 144 156 183 103 40 35 25 15 12 11 13 23 35 36 34 29 28 30 28 22 21 26 22 20 26 20 13 15 30 39 56 58 24 15 20 23 48 64 63 91 166 181 175 142 87 85 95 48 20 16 18 49 
39 52 23 5 6 33 97 168 188 188 163 122 77 111 142 115 106 107 182 192 170 119 58 50 90 138 143 101 59 39 40 39 32 39 67 128 162 158 154 156 165 161 140 131 123 107 113 107 120 154 174 133 67 40 29 23 17 13 13 19 28 36 27 30 32 25 23 26 26 31 35 29 31 22 21 26 62 101 120 131 55 13 12 42 133 159 106 67 99 116 121 105 124 140 140 118 113 89 31 23 
23 23 7 4 5 11 39 116 171 151 83 39 24 51 71 56 51 53 157 188 174 145 99 50 42 58 97 114 119 93 80 57 34 50 91 125 143 138 129 156 171 161 142 139 127 92 74 95 135 182 200 168 116 60 29 28 29 22 18 22 26 29 22 32 29 22 20 31 36 30 30 38 27 17 15 17 76 126 138 156 95 23 20 69 166 188 134 88 84 87 68 67 130 158 173 181 192 171 87 62 
97 84 18 5 6 10 28 79 127 84 34 15 8 17 35 30 29 29 58 74 94 110 94 51 28 35 124 193 239 216 167 114 51 47 88 113 128 132 123 143 160 148 117 117 100 56 80 131 174 208 229 198 173 112 34 27 28 28 24 21 22 30 36 57 47 31 31 33 31 30 38 91 69 30 13 15 49 104 156 181 144 68 69 114 167 177 138 134 144 143 118 83 111 140 185 195 199 180 141 143 
162 126 25 7 20 33 70 130 142 73 28 11 5 9 24 23 21 23 27 27 45 82 86 49 17 30 125 193 250 233 182 142 86 55 65 82 108 134 113 113 117 110 84 90 69 45 68 116 166 198 218 201 175 122 37 26 26 26 27 26 26 41 68 109 108 74 58 37 33 34 65 156 161 91 37 36 40 92 198 208 154 86 93 113 146 139 117 133 154 157 147 97 105 119 138 139 162 148 97 152 
140 107 23 22 99 151 185 172 146 70 13 10 4 5 9 19 20 19 24 32 74 146 154 91 26 24 85 136 187 170 169 167 109 56 41 43 77 106 95 74 67 76 79 71 37 33 45 73 130 150 145 147 131 70 34 29 26 36 31 26 33 62 124 141 131 116 84 69 42 40 109 172 200 172 136 128 72 108 228 228 151 71 88 94 96 105 127 145 141 153 147 99 117 124 126 96 59 47 43 136 
131 94 21 28 125 178 179 142 90 34 6 5 5 5 12 19 20 24 44 81 152 208 180 129 39 21 44 67 104 114 133 130 72 34 29 31 45 56 61 54 59 96 129 106 48 36 49 79 115 122 87 64 66 42 36 27 31 43 43 42 67 94 151 133 110 95 92 88 67 64 130 162 181 168 162 137 69 104 219 222 171 101 113 113 75 89 130 144 145 154 167 125 153 185 167 121 49 20 25 101 
73 55 28 51 118 108 57 38 18 8 4 8 12 10 20 26 26 31 74 106 158 200 160 110 34 20 26 33 51 69 66 54 21 12 22 42 60 52 68 107 134 159 165 145 93 52 49 57 71 74 45 26 28 45 62 44 44 42 52 82 136 181 222 182 128 91 86 91 73 85 119 134 138 146 145 130 77 80 157 167 151 146 157 157 109 74 100 125 142 145 139 142 173 201 159 140 89 32 16 43 
29 65 94 142 153 101 32 14 8 5 11 16 22 16 20 26 30 30 73 84 97 149 113 49 16 24 23 27 39 41 26 18 10 9 48 104 136 107 115 173 190 188 166 158 122 69 40 35 31 36 25 13 25 100 143 115 93 55 51 93 143 191 224 218 173 118 73 71 59 76 99 100 114 130 130 106 57 36 56 68 102 148 160 163 132 90 80 112 155 138 105 116 160 146 133 141 99 45 9 12 
39 116 167 213 178 111 35 14 6 8 22 27 20 16 21 21 31 37 64 78 96 138 99 29 11 17 13 11 21 19 21 18 10 21 120 188 201 158 118 168 189 170 131 128 100 48 31 24 15 12 8 6 30 145 197 183 168 137 92 87 121 159 196 215 191 160 108 98 70 50 59 56 82 101 80 53 30 20 12 20 68 119 153 178 178 156 127 92 112 80 44 67 96 99 129 137 84 51 13 7 
38 107 163 200 141 77 19 8 6 9 20 22 10 9 12 20 30 43 82 104 141 176 146 76 32 26 14 12 24 25 19 17 15 27 107 185 202 178 121 127 138 118 78 76 54 35 23 15 6 4 4 3 20 87 146 145 172 161 100 61 89 142 188 192 173 163 157 152 118 68 41 34 58 82 64 37 27 24 13 16 33 51 97 164 174 169 153 89 101 82 48 74 103 123 152 152 86 44 13 9 
23 56 120 173 147 66 9 5 9 15 15 16 8 9 9 16 35 62 119 140 177 197 188 164 103 87 65 55 56 37 21 16 21 26 50 137 178 175 124 79 53 46 39 37 33 25 12 6 4 4 5 8 26 34 51 83 144 136 99 82 96 135 187 172 150 153 194 192 164 131 78 54 59 68 53 28 24 24 17 20 20 21 36 69 96 113 113 143 203 180 116 136 147 158 161 151 77 30 15 16 
46 76 141 189 179 101 10 3 10 15 11 9 10 12 14 34 84 109 123 132 148 176 204 202 138 115 139 140 108 51 24 21 32 28 43 127 170 144 80 52 34 27 27 21 15 18 9 6 11 13 17 26 43 45 58 87 133 140 150 151 130 102 135 122 116 165 204 200 178 160 114 85 70 52 38 25 30 25 15 16 21 29 24 21 27 34 52 139 238 232 149 128 162 186 166 133 68 28 17 19 
92 99 158 201 189 132 41 13 5 6 6 6 9 15 58 136 193 186 90 73 57 87 139 131 102 107 161 182 169 107 21 21 38 36 43 78 106 84 37 28 30 27 24 15 8 9 10 15 21 23 38 70 159 157 113 106 129 136 156 161 130 54 48 53 95 152 166 150 133 153 154 111 61 56 55 67 78 45 17 20 24 32 25 20 13 15 31 112 250 249 183 94 141 201 197 174 129 53 22 19 
115 89 131 207 216 184 136 55 10 11 5 3 7 15 82 161 187 127 47 34 32 40 48 47 37 48 123 174 182 119 30 26 34 36 27 36 48 41 26 28 30 29 40 31 12 14 23 24 26 22 36 76 240 244 156 126 111 89 109 133 115 42 25 34 66 108 116 89 94 135 166 142 123 121 103 99 105 56 13 19 28 28 25 19 14 14 25 133 254 251 204 93 111 170 191 193 153 63 25 18 
185 80 89 188 215 199 181 94 18 14 5 6 9 21 47 96 98 44 24 30 39 28 17 23 13 15 48 96 132 117 119 72 39 32 21 23 23 22 17 19 25 61 130 132 45 18 21 25 21 12 23 40 198 244 202 164 117 83 88 90 62 37 54 63 50 49 42 33 80 118 129 82 127 173 133 101 97 58 19 16 14 15 17 19 19 14 22 137 254 251 215 151 144 146 144 168 129 67 27 13 
203 79 64 137 147 144 133 61 15 17 10 8 20 29 29 34 38 22 18 24 32 15 10 14 9 18 20 33 115 164 206 160 85 52 22 24 27 23 24 23 38 103 172 192 90 23 15 23 15 9 18 28 105 173 220 198 164 135 79 40 31 74 160 160 114 54 40 34 59 97 100 68 148 215 163 106 82 57 27 15 8 9 15 21 12 9 14 65 168 212 217 207 199 164 108 145 164 134 58 23 
129 48 30 43 45 44 39 17 8 18 18 21 27 29 27 22 19 19 21 21 26 15 8 6 12 25 22 24 112 170 180 165 122 72 24 25 25 33 89 97 94 123 172 201 140 52 23 27 29 20 19 21 42 65 148 180 181 166 80 27 22 83 194 214 215 148 115 93 65 91 132 123 192 236 199 126 113 100 37 21 13 11 19 23 10 7 12 19 46 129 182 215 218 189 126 176 210 175 73 16 
47 24 19 16 23 20 10 5 6 8 16 22 15 18 24 18 21 18 20 18 27 23 12 9 12 30 25 27 71 106 86 92 85 45 19 15 19 47 132 153 156 137 145 187 167 87 63 72 45 28 15 12 17 20 62 113 142 122 50 22 8 32 130 201 239 204 144 116 114 144 177 159 156 208 178 149 181 149 84 67 41 20 24 27 14 12 21 21 39 107 156 190 201 183 185 215 205 137 43 12 
26 25 29 18 21 13 3 2 3 8 14 19 8 13 17 15 23 19 17 21 27 27 16 12 19 56 61 52 59 103 118 118 98 48 12 13 25 44 81 104 160 127 73 122 152 131 145 138 52 15 6 6 13 15 20 28 39 31 27 26 12 10 41 98 174 185 131 76 93 172 189 135 106 137 110 118 209 172 128 123 79 31 27 25 19 21 23 24 46 100 120 114 154 188 208 192 118 51 16 13 
21 32 27 17 20 15 6 5 10 14 25 23 10 15 13 14 21 15 17 24 23 23 16 9 32 93 111 108 96 193 212 151 96 44 8 11 19 26 38 43 85 61 24 43 90 140 177 147 54 20 8 10 16 16 10 10 13 14 42 60 32 20 29 38 71 134 119 69 71 130 170 124 92 114 91 123 224 198 131 120 62 21 21 21 17 15 14 19 34 63 61 46 122 195 192 150 42 16 15 15 
24 25 23 22 25 26 23 15 20 21 24 16 6 6 8 10 14 8 8 15 27 31 15 8 27 75 84 66 55 142 195 118 49 22 6 6 15 21 27 29 28 23 18 47 107 200 202 116 40 17 13 25 26 18 12 10 26 57 134 132 92 36 16 17 31 117 166 138 93 108 168 147 118 108 88 148 229 209 111 66 25 18 25 15 11 12 18 12 21 31 18 18 65 139 141 86 15 9 23 20 
33 33 26 24 23 27 29 24 13 13 18 12 3 2 7 13 15 7 9 18 34 45 22 12 15 26 28 20 50 100 110 62 25 17 8 8 17 22 26 28 22 19 36 107 160 203 180 74 26 19 24 29 23 25 13 23 97 146 194 171 106 42 17 12 30 127 188 173 122 146 197 161 116 89 72 155 226 202 91 29 26 17 18 11 16 12 17 17 22 25 27 26 43 69 67 37 12 15 24 16 
85 62 33 18 18 22 35 26 8 8 15 12 4 4 8 15 21 15 23 31 40 79 82 53 45 35 21 20 85 126 98 40 23 21 12 12 22 21 17 17 22 27 48 134 190 223 169 72 22 24 33 24 13 16 14 74 220 217 206 167 71 27 28 18 30 103 178 186 135 134 188 165 123 68 40 83 153 138 52 19 21 14 13 7 11 13 37 44 38 51 74 93 81 45 28 27 20 20 33 20 
146 110 54 27 20 28 46 40 16 13 19 11 11 6 11 20 20 24 33 45 79 143 167 132 131 118 59 31 115 163 105 33 22 26 17 17 26 29 24 15 17 28 54 121 138 160 135 54 13 16 26 23 14 9 15 102 237 214 193 150 44 26 27 19 48 115 159 183 165 130 145 169 155 111 68 44 60 48 16 13 15 14 15 12 10 21 66 65 85 115 128 118 103 44 19 21 16 26 40 21 
159 113 55 37 43 77 136 100 34 27 20 12 11 5 8 10 19 30 42 84 141 182 197 169 170 160 91 63 155 215 97 25 16 23 14 20 32 33 30 24 25 28 31 53 44 42 45 26 12 11 19 21 20 13 16 49 170 161 120 93 40 30 14 10 48 121 137 142 143 137 156 191 174 152 110 47 29 18 9 15 17 16 29 37 30 64 134 135 138 140 122 110 83 38 21 19 36 86 115 67 
139 73 26 39 89 159 214 163 58 32 20 9 5 5 3 6 19 31 57 108 149 170 165 157 160 126 71 124 193 214 81 21 21 21 23 24 26 31 21 23 35 28 24 34 29 31 33 28 18 18 21 24 23 19 22 32 103 108 60 41 29 22 11 9 41 97 99 72 71 104 166 175 146 121 90 46 32 30 18 27 26 23 58 85 75 114 163 166 110 66 60 85 113 73 34 24 82 144 145 121 
122 53 35 69 121 173 204 139 45 27 21 11 6 8 7 7 23 42 92 127 125 113 99 125 137 97 46 119 185 198 96 45 33 26 27 33 30 32 23 27 34 28 23 27 26 25 25 28 25 21 20 21 20 19 26 68 129 123 66 27 18 21 17 18 39 42 35 17 25 71 128 121 61 33 31 34 30 38 43 29 19 24 59 98 100 141 150 119 61 25 34 90 171 141 54 32 136 178 149 130 
132 105 102 106 120 128 106 48 14 13 18 24 18 18 14 12 33 54 100 113 83 58 46 65 80 55 24 53 96 123 91 57 33 20 28 49 55 39 30 62 84 57 21 24 24 24 21 29 26 23 21 17 19 12 26 75 118 127 105 45 16 22 30 30 35 26 19 7 16 34 68 60 22 14 16 30 38 77 134 88 24 20 35 51 70 140 160 105 45 23 49 123 178 145 72 37 139 182 150 108 
142 152 163 145 76 36 17 7 5 11 18 23 18 20 25 20 30 38 47 68 42 33 21 29 32 23 11 20 21 30 70 105 55 25 66 116 126 79 87 167 160 105 27 24 52 58 66 66 40 31 25 19 17 13 14 32 55 77 87 67 39 42 47 39 23 18 14 6 8 14 28 29 19 12 18 44 98 169 246 211 100 60 47 35 45 124 166 114 42 22 66 179 209 149 66 38 124 202 175 122 
124 160 196 190 61 13 6 3 7 19 20 18 24 34 35 19 24 27 23 33 24 19 23 27 34 26 8 13 33 59 132 176 93 61 115 148 149 110 137 208 163 103 23 43 123 133 138 116 43 34 37 34 31 22 17 19 20 30 79 116 105 116 118 76 16 12 14 7 8 21 27 26 16 17 41 93 141 182 222 218 178 145 115 77 38 71 118 125 86 65 86 181 217 157 64 46 122 190 179 130 
99 140 185 213 69 8 3 2 6 14 11 17 37 43 40 21 17 17 21 19 11 15 18 18 31 22 8 15 96 164 213 233 137 110 160 172 140 89 130 157 111 55 19 41 114 133 134 107 41 37 52 64 59 44 28 20 16 20 83 139 161 177 167 119 22 15 18 8 9 17 28 26 26 29 63 119 141 160 180 168 189 190 153 112 40 28 60 110 143 150 147 117 95 76 42 40 65 99 99 77 
102 128 180 246 117 13 3 2 5 6 9 14 26 36 34 21 21 15 10 9 8 18 20 15 21 16 11 26 134 185 223 227 114 109 190 181 122 62 103 123 103 61 20 21 49 67 60 53 34 33 74 122 115 75 39 33 26 26 79 122 151 165 146 105 32 49 64 30 13 16 26 29 37 39 54 105 121 125 154 157 168 168 141 101 63 53 47 81 123 148 128 57 27 33 36 40 33 46 52 63 
86 110 148 222 103 17 3 2 3 3 3 12 21 27 30 17 27 27 15 7 12 20 16 11 16 19 12 26 116 158 161 135 61 87 185 180 151 96 112 136 138 115 55 26 28 38 31 30 37 45 138 209 198 149 62 43 34 41 85 106 124 114 106 92 83 112 126 81 17 15 29 36 45 37 30 52 67 85 133 142 131 95 75 96 169 176 108 75 55 50 37 26 36 81 84 59 28 38 92 136 
52 65 80 111 42 8 2 1 3 2 4 8 20 25 30 21 22 22 18 9 7 8 8 7 9 18 23 42 85 90 66 43 22 51 152 176 174 138 123 138 163 160 103 47 30 37 36 35 44 75 164 214 211 156 75 51 44 65 117 144 144 132 114 109 118 122 118 91 21 20 38 53 52 39 29 33 62 87 119 141 112 65 56 101 181 215 184 143 85 33 15 19 78 141 147 114 47 74 159 167 
13 21 30 31 11 3 3 3 3 3 2 5 16 27 33 32 26 27 22 11 4 5 4 5 5 18 72 117 128 57 18 11 5 12 67 133 163 127 98 107 134 158 92 39 24 24 28 34 64 142 189 196 167 148 130 108 98 122 129 155 199 209 129 103 155 139 101 54 26 45 100 106 73 48 30 31 109 140 133 98 58 45 77 118 157 187 210 203 138 59 13 14 79 133 176 175 113 129 171 143 
6 8 17 16 8 4 2 1 5 6 3 4 15 26 26 30 33 30 17 7 5 5 3 4 8 19 83 141 173 96 24 14 5 8 37 96 159 157 116 93 53 62 42 27 20 23 28 35 55 138 183 180 151 152 135 123 101 117 126 153 205 231 133 106 181 171 130 68 29 65 158 160 112 74 37 31 137 182 184 121 45 31 59 93 122 162 206 190 106 42 17 23 46 77 162 194 129 116 125 76 
4 4 13 18 9 6 5 5 9 9 4 6 10 19 24 29 36 28 15 21 18 20 12 18 34 42 77 116 158 104 26 16 12 11 36 112 184 204 205 145 33 20 22 28 28 28 26 26 27 64 110 113 153 176 133 107 76 70 90 124 172 193 134 106 170 179 171 119 42 99 214 204 137 92 73 67 135 187 233 231 108 34 31 49 69 140 203 150 38 19 23 18 19 28 73 104 61 53 42 23 
5 6 19 26 20 18 14 12 10 8 8 9 9 15 24 30 46 36 29 49 62 58 34 48 108 118 130 131 95 53 26 15 13 11 23 86 171 201 201 148 44 38 34 36 31 24 22 22 17 38 58 64 147 185 137 89 63 63 91 115 172 175 146 110 111 147 144 97 57 161 221 184 121 103 111 114 141 178 235 251 157 43 19 35 41 84 136 85 26 11 15 15 18 23 28 39 33 21 15 20 
16 9 20 30 35 28 33 30 21 11 18 22 11 8 12 49 120 101 83 116 113 78 37 69 167 181 195 194 112 42 28 40 47 21 22 82 161 178 135 110 72 79 74 61 37 25 25 24 18 30 36 46 119 150 108 71 77 78 108 119 129 147 129 79 32 39 44 28 62 178 214 137 72 113 141 129 133 161 193 190 94 34 16 22 23 36 47 36 20 15 14 15 18 23 25 28 23 15 19 28 
26 16 26 35 43 40 40 37 26 17 21 19 6 5 16 112 222 183 138 178 156 76 24 49 135 148 161 191 126 46 35 105 192 89 49 135 188 188 115 103 86 96 90 65 27 23 17 21 17 23 34 42 64 86 65 66 111 109 125 115 82 105 94 36 13 11 12 10 38 112 163 103 75 117 133 125 150 167 154 94 43 27 16 18 17 23 27 26 20 27 26 19 23 30 54 67 37 20 28 34 
37 24 32 40 31 33 30 32 28 24 21 10 4 7 55 194 255 250 190 215 181 74 29 57 102 83 92 156 111 33 57 148 240 159 68 155 189 176 100 85 83 113 120 81 27 24 23 23 21 21 22 34 47 66 57 74 150 177 181 152 101 119 103 66 51 36 12 12 20 38 65 40 58 89 108 131 171 170 141 77 33 14 8 12 24 23 22 16 21 27 30 21 34 46 122 187 106 41 30 32 
43 28 33 38 26 24 20 16 13 15 15 12 5 9 95 215 252 249 199 213 175 89 71 114 146 100 46 90 94 44 88 134 144 118 89 161 188 175 102 75 77 102 110 61 21 20 30 39 49 41 27 31 77 93 71 74 137 191 216 211 162 139 160 159 140 96 30 17 16 29 33 25 36 48 77 122 133 105 82 74 42 20 6 8 19 22 21 17 18 25 29 24 36 70 170 219 131 47 21 15 
29 27 29 34 27 24 12 8 5 5 6 5 10 17 77 169 226 182 113 160 155 95 79 126 185 150 45 83 142 118 116 95 68 74 110 163 189 190 162 103 74 84 74 30 12 17 30 59 102 100 65 44 109 130 94 95 131 202 249 255 231 118 149 183 128 81 35 21 23 34 22 19 27 28 45 52 45 27 49 103 94 49 11 6 16 25 24 23 17 22 26 33 40 73 148 171 83 23 7 8 
31 30 30 35 28 17 9 6 5 2 8 8 15 28 60 76 112 73 33 57 77 55 43 107 185 167 49 77 158 148 93 46 45 55 81 126 176 214 230 162 69 71 66 51 28 15 22 54 114 165 116 50 74 101 84 98 137 207 254 255 226 80 67 102 62 32 27 21 23 26 20 15 20 19 22 16 18 23 52 119 163 129 41 11 18 24 24 24 18 18 27 26 37 49 82 85 43 24 6 10 
==================================================
